-2.251487e+17
-2.251487e+17
-2.251487e+17
-2.251487e+17
-2.251487e+17
-2.251487e+17
-2.251487e+17
-2.251487e+17
-2.251487e+17
-2.251487e+17
-2.251487e+17
-2.251487e+17
-2.251487e+17
-2.251487e+17
-2.251487e+17
-2.251487e+17
-2.251487e+17
-2.251487e+17
-2.251487e+17
-2.251487e+17
-2.251487e+17
-2.251487e+17
-2.251487e+17
-2.251487e+17
-2.251487e+17
-2.251487e+17
-2.251487e+17
-2.251487e+17
-2.251487e+17
-2.251487e+17
-2.251487e+17
-2.251487e+17
-2.251487e+17
-2.251487e+17
-2.251487e+17
-2.251487e+17
-2.251487e+17
-2.251487e+17
-2.251487e+17
-2.251487e+17
-2.251487e+17
-2.251487e+17
-2.251487e+17
-2.251487e+17
-2.251487e+17
-2.251487e+17
-2.251487e+17
-2.251487e+17
-2.251487e+17
-2.251487e+17
-2.251487e+17
-2.251487e+17
-2.251484e+17
-2.251486e+17
-2.251486e+17
-2.251486e+17
-2.251486e+17
-2.251486e+17
-2.251486e+17
-2.251486e+17
-2.251486e+17
-2.251486e+17
-2.251486e+17
-2.251486e+17
-2.251486e+17
-2.251486e+17
-2.251486e+17
-2.251486e+17
-2.251486e+17
-2.251486e+17
-2.251486e+17
-2.251486e+17
-2.251486e+17
-2.251486e+17
-2.251486e+17
-2.251486e+17
-2.251486e+17
-2.251486e+17
-2.251486e+17
-2.251486e+17
-2.251486e+17
-2.251486e+17
-2.251486e+17
-2.251486e+17
-2.251486e+17
-2.251486e+17
-2.251486e+17
-2.251486e+17
-2.251486e+17
-2.251486e+17
-2.251486e+17
-2.251486e+17
-2.251486e+17
-2.251486e+17
-2.251486e+17
-2.251486e+17
-2.251486e+17
-2.251486e+17
-2.251486e+17
-2.251486e+17
-2.251486e+17
